1230999 888588
963018 731901
1088774 722788
812853 612862
746224 600039
830712 663545
842376 667215
1204364 1021910
849387 677289
748372 596573
882544 703929
843366 649779
1334938 807803
881239 710119
987081 742827
725395 528759
840404 656308
968731 763108
815216 625354
2088485 1833039
1141182 859571
876925 643647
771156 624620
756073 602171
716012 532160
1303824 1084538
733014 570990
912377 719492
877149 727416
700953 559805
877589 698066
731928 562931
7883878 739778
937494 737421
805718 646920
801924 628991
709628 561594
990558 743242
924192 679808
742456 572507
624856 487738
667283 522451
1012413 803135
933565 749667
996805 768003
910433 698956
772639 607702
923621 718572
862339 640409
844397 644057
988615 801920
922336 761497
981171 770681
1103408 867766
748600 571099
985063 711230
955549 774405
785223 576512
885271 710888
677299 516011
842918 655777
826520 675986
622699 481384
1211771 825254
966198 793386
1005715 778693
1174808 955169
1155706 947935
840751 645050
1136492 867349
1314891 1068447
2021700 1681125
986732 830317
830124 684299
2108461 1855644
820105 652130
867472 634805
1549687 1345764
1138949 861271
946604 737447
976933 749244
827862 622081
1034485 829421
906429 725420
819149 622454
1004343 789191
935941 764657
802401 639278
783534 634056
981518 741320
914774 711542
870413 693819
3379889 3150612
698180 537990
924727 767719
925437 669681
1149636 980980
887071 671267
921299 710503
827087 663942
792720 612906
989769 743485
1229258 1025461
1476395 1151050
1996566 1634048
792579 611293
754797 572708
751250 600106
7663370 899821
1047140 786953
2333244 1028143
1343316 652996
800179 625954
1002021 671765
859611 698183
720996 509036
1049332 775861
799842 618593
1022338 722442
786111 604749
1109515 928629
766721 622999
791460 623558
2762205 2513266
1062839 819878
795870 639405
886471 718150
1042846 877843
1120796 947548
896125 712662
826380 613636
743689 593780
768439 526696
997900 763359
1360290 1119238
1085672 822932
711244 548372
1047499 821165
754464 581336
751386 597622
3728117 796002
790478 588191
1074005 835409
874411 679636
771194 609039
1039125 814892
887039 711250
818552 643465
816727 554065
883737 715141
981075 734534
1942983 1634432
796830 619703
672519 514248
1044099 789725
1109180 853754
908434 709460
883940 681422
814244 642275
844265 660983
1042253 797956
1048920 741177
1028043 826101
844572 684150
1002502 677700
801203 656539
884862 677229
695653 559364
1161327 946932
3172957 2994173
3297992 3120376
1201924 944991
848101 678002
3375339 3196246
690359 546806
805536 649294
646058 484640
1208745 1045695
796074 657951
865736 663516
797857 642392
1426231 1265345
751070 607830
1254990 972084
889456 685595
978430 768242
1753786 939105
1061722 853886
882683 739151
1012131 807436
912256 709046
1004070 751316
929008 712886
766578 623453
969039 734497
1023757 798864
885390 702280
1195122 938155
906001 646605
739634 589651
643739 491679
750269 592242
1046770 867829
739645 577001
942345 716848
1092114 907743
722651 508403
830360 647295
687610 558232
882294 729989
813410 650862
685582 545998
862968 716750
763191 592774
1171669 806852
985020 830904
1158368 956121
812522 620319
994719 789810
650032 497687
888792 701611
692178 549635
704300 544745
1081584 871684
1296431 923078
1021811 867668
781487 642416
744661 581310
1026763 788806
944388 714519
2091469 1734896
967906 819349
847149 667957
1046962 809893
1024231 853203
892828 683447
911228 689997
1092700 859348
977381 774631
802790 631972
1158332 857494
920746 727604
881049 688160
680857 530375
1204841 877861
979158 781533
1112361 873524
895671 717375
830625 630341
775545 602713
886165 677821
745225 593884
821338 650118
882982 733037
613131 456844
1325877 1019486
1036933 811820
995185 774710
1083965 845734
681268 540938
954669 746720
987301 786990
956486 741114
1240705 928341
876047 694240
960756 747856
784668 629131
1036411 800150
1142694 893315
1043655 865477
730485 577433
1229130 949140
696933 547673
981577 748462
1172759 921499
835848 652857
812060 638325
1095949 891119
848472 582732
785863 634603
769243 604946
665056 512868
756054 604054
731820 577972
1150013 878923
767589 489707
763558 630629
726014 577695
912619 735301
754104 550664
766205 628582
911853 710188
3332678 3178619
950061 773447
706143 553287
755122 588354
1076557 743764
836751 695013
977514 782523
879983 641125
1091397 937280
871184 701464
935667 722316
1010497 766607
872424 679596
1126490 934232
707604 558382
3364497 3177966
781790 621461
1034792 809882
1030043 858170
1027074 782642
724574 556423
1360207 1031343
1075628 811276
1049451 821829
1056788 822682
977472 787221
901549 704712
731604 562651
950629 752023
762534 613683
1270245 1062694
806597 620222
739778 602806
706066 568548
795261 653644
919744 735929
843225 645638
1096028 941736
986468 781119
1052125 805847
900796 695878
1037702 789532
1099708 917128
640306 500384
955227 739302
827109 657246
973971 773491
838171 625796
1136760 895848
928146 701147
800277 609596
916630 779244
950726 640135
785313 596855
902701 708643
1023548 822635
784559 652474
753367 573568
762630 613168
910196 673225
727362 584922
894886 705496
613993 487744
750243 596521
781116 609885
735137 582839
1010928 771161
1087738 797761
2949007 2681292
757444 616396
3539139 3302666
1192637 901959
1070718 853346
3147583 2988177
813622 633971
1074244 835388
854826 705051
680704 514607
1021367 792783
1086050 852814
2128304 1877503
990949 823746
916289 651459
1125347 856886
1019638 823365
715267 556806
1052608 740896
836635 639828
1172711 975463
1066906 797227
950875 777329
1186509 959827
841951 654537
974284 808818
1070769 826159
939993 741196
962101 747680
999498 804888
1271393 980596
1025394 789773
1018619 793009
744221 570893
842380 682754
746920 588246
779993 602872
1157583 944611
975885 743084
869656 688203
834988 668136
697298 550780
732995 584871
828686 646015
1126862 866354
803009 646127
833120 646889
770242 631849
835584 683651
932531 746620
826772 646457
799447 586407
763020 600272
758789 619686
1016371 788289
732518 582351
1123493 863568
777107 604562
706847 563310
822910 632120
924600 656060
921091 742896
1072699 929407
1418659 1163246
840976 680981
856100 653903
840956 681600
1122504 866295
838541 645745
3301721 3107816
788164 592219
852182 656848
962093 809291
933483 721602
1138249 930072
3009739 2678523
1339238 1083595
809315 646775
624431 492561
871137 646888
894251 706218
1046937 875368
873485 667458
953057 747263
1011684 874040
725968 573468
772138 628142
996342 836869
1126428 814947
819677 668704
1031467 771753
815530 635760
1111028 927041
1249512 1013808
926209 777334
1078965 829707
868146 690411
2412522 2097267
1162176 921020
3226197 3086933
909073 729319
3224892 3034118
867725 667694
1141572 891811
874788 689629
904282 700907
6087944 1904959
1508276 1335022
1316440 1012590
955547 769209
1321346 995005
1386999 1059707
1243376 1007781
1193952 936657
688410 506935
1102493 868922
852658 684182
1179799 951633
947930 726477
3196471 3015143
763193 598394
876815 668709
943830 727499
3412000 3226676
886587 711139
1170043 910160
1276703 993468
1195837 1021613
833831 671871
831130 640181
3223521 3079849
812057 627826
874343 736199
871034 695602
1184926 1021427
3367817 3189645
1074425 815386
667927 531767
863289 664350
832490 676066
746693 603726
2150153 1919709
951850 729653
938516 743585
1259603 956234
801234 655007
692415 557460
790570 648275
757794 604697
1034753 896919
2900531 2623040
1258229 1003849
1352477 1025105
1233408 1000317
1022249 801921
1001516 754875
1063684 799017
767557 627216
739381 598425
809342 668509
994288 782266
2845172 2596527
640757 500865
631201 494661
1188277 984503
907982 712321
756832 599566
2796613 2575489
747744 611215
829244 678856
781138 623373
702172 554250
875349 707677
1012135 786935
1065704 874308
825292 659655
947425 726704
988489 759553
1003008 772993
3206110 3038809
977341 757377
720711 574364
791181 621515
839315 640015
996425 782847
734295 585219
1246894 1074759
1137472 859099
877568 701920
830297 669371
868422 707673
819080 638348
938603 750203
909111 716318
776429 602926
832233 677530
671700 541639
970181 776095
853046 670837
2800884 2556143
686214 542834
1083805 852136
1184166 892736
3151145 2865681
3130760 2974533
869038 676340
929940 745207
905656 707289
789561 632997
712587 544481
727559 552835
790311 640215
1058389 849489
941510 667901
823865 677026
1048456 717647
911973 732207
907014 730563
830269 658234
688773 502260
746349 581189
790690 598534
1535305 1171763
978698 762535
858524 636686
964726 761853
1246457 1042930
793789 658327
880342 698561
895692 689831
837037 688235
814487 636360
765844 586079
785780 635696
3205256 3045331
846291 690995
837257 556366
665857 534405
681171 523431
869667 704826
801718 581904
1172223 1015798
1077574 811753
3147528 2996905
849573 698888
811691 635294
792067 667139
1009938 711123
830252 657535
723461 559719
960000 757215
1964243 1641527
793921 634676
817612 638866
707762 562507
895908 702361
1237244 938434
898424 736458
796660 617806
786048 614165
1036141 735571
663529 524561
994446 770866
749900 590090
1004903 789417
2887149 2640685
768150 619974
801634 651212
931709 726569
823120 635140
1172246 933210
661022 524027
1075324 816566
769757 622590
1244011 963462
856741 698014
687615 540889
833472 682894
853285 689149
942941 741295
942595 728533
852365 649328
1029603 808551
994012 753301
794013 647382
909926 709989
738822 566417
897124 606093
864484 681038
944401 727111
1172196 960609
678821 538109
774378 637640
705797 554184
887349 743457
717363 577246
815657 663942
820494 682748
1102242 850630
964683 716606
915358 723137
4657748 841504
591334 458465
766795 622417
803477 603359
978442 755350
3169135 3000981
711812 578877
651784 520809
1052065 836134
755305 616386
853504 678864
2017857 1687072
956951 692633
799651 655208
699844 544303
822210 633996
741968 564340
1019962 775632
938114 741851
3103209 2959427
970423 751315
742977 571398
884894 636538
940383 750076
708932 575302
747249 611483
829413 636723
870343 660973
631998 485714
725610 564875
698856 561335
1086136 802265
883363 700689
670345 483156
874207 626960
834262 675516
666885 506560
781813 646512
1093887 826969
756684 584330
780456 614685
1422714 1159602
919339 747794
972049 741722
704524 575422
939998 733848
843474 661542
804987 622720
698868 488647
970259 732473
1035450 767183
1709552 1473588
1484025 1205197
1130843 921824
1552209 1224368
2217229 1934332
887854 682019
720485 577002
942152 748831
791865 662342
939372 749429
1022401 757816
988170 792774
897377 717702
1102290 827486
985986 763301
1068479 810243
1093213 868972
1102763 877287
1098415 847118
1264486 1021208
1261049 970984
1097832 908235
960928 766359
898726 729978
1023356 797908
1013074 794155
1119432 875145
1165844 900432
1262704 1008624
1156988 873499
1253700 937387
1039143 819202
937422 750093
1240561 992341
1680133 1336516
945658 777213
940809 714522
1113865 866031
890866 695763
930199 744809
920824 728079
1246817 949945
721943 563300
1503452 1218519
1150223 902942
1379457 1037321
1155732 870813
3221853 2854986
1391392 1100279
1307964 996167
1180635 928528
1048862 817054
1681256 1339913
1050879 810234
1308894 1104640
1135190 896618
1224609 933511
914183 728079
844705 666974
994881 771237
844936 638669
1135752 899223
962063 741648
1355593 1014927
1227366 924866
1351028 1032403
1195702 893261
1167876 884698
1180598 930569
1108690 859247
1009409 772508
1013928 762582
1075885 815519
1103858 835091
1303521 989371
1226242 904516
1044597 777416
1734425 1268544
3735934 3454122
1609368 1216488
1445497 1098219
1673065 1245450
1304323 981650
1411011 1073677
1129534 889856
792505 617880
1144659 901837
1421139 1063517
1098134 840545
1770726 1422404
1104044 828241
1424448 1070589
1259966 946843
1057421 833954
1694727 1288077
1192362 956522
1153061 862221
1162457 907374
1137213 873081
1443972 1188331
1016000 766374
1076266 843186
911681 690742
998120 791405
906201 711210
1090162 903357
827023 647738
1266288 955456
877190 673407
1291842 1009046
1020034 782518
1595037 1271132
1025733 795478
1043669 795127
864715 672090
831577 629187
898097 691084
1106776 864627
961037 769170
999837 791941
640922 501134
3299279 3115793
1099064 827009
709164 565401
720645 567200
1080879 872742
739298 562619
963987 769659
1153682 913742
1021549 823588
990521 749595
845124 691879
1174552 953667
1101894 870649
1137112 879160
860401 689468
905887 706971
875838 672354
801185 627450
728454 567937
1130117 867278
904472 747939
738045 579942
960740 718916
3112526 2957370
969293 738857
782956 593454
5323376 996646
1610016 1257359
822442 653365
1145168 944367
761189 600985
1048412 848991
713766 564580
622207 486302
1030843 820190
845413 664747
3391091 3205046
829264 680830
1149004 833720
1038855 888855
1160590 890458
1044775 855013
877297 666277
1136013 871136
846893 651190
707376 573675
678717 514504
588551 466236
882033 698690
701994 565663
891915 755508
679672 554599
800292 659263
966372 809647
1377820 1037476
951744 742087
879467 689690
957165 771751
923740 712774
950967 740726
858460 653698
698169 560965
1136020 815217
776436 611124
1089874 730350
740410 563822
906261 749613
719569 556966
1165156 989356
1265523 968654
1039341 768422
706202 571350
905264 714958
3312650 3173274
812952 624384
768895 623571
660562 529916
741241 600055
1185842 891719
819293 582252
624060 501650
807307 662584
809323 664104
882578 679729
726850 565101
1088701 867578
2840410 2580928
721048 547194
2997451 2846835
949631 797420
898635 666431
789488 632594
1014770 872322
1204112 925651
866075 675094
971199 746439
880317 686781
766957 628244
1104319 856972
854329 637705
1084923 891527
778112 604746
1024455 799360
788256 604412
991845 701830
933323 744153
817691 652418
1343299 1120520
820783 633289
1122203 912455
877260 684529
998854 851089
1021240 701016
983416 774952
3351796 3196744
1025214 798975
887161 717264
1045240 818359
1084530 837189
777983 627641
821703 685831
758539 585670
730099 596770
1151557 897837
993115 763080
994505 817664
1119754 912125
787578 612864
1169210 890280
2313166 2021019
928939 738298
1012223 792502
889225 705108
785806 621535
760768 588800
1155603 908120
1225390 855440
769564 617621
762308 528025
860837 686630
781862 620781
664006 524673
637407 492544
796795 629418
756636 624575
929239 792158
745743 533952
778215 617496
891310 703619
2942255 2674427
781857 630019
652606 499107
895473 715743
1304867 990844
877632 700148
667424 530716
846688 682471
1047505 814071
883767 675743
775286 611576
758760 588703
772863 634354
753283 493614
3014202 2880658
889142 691911
967185 766191
740293 584412
889010 745897
1923588 1626664
1020352 815923
876889 680353
1197792 959807
838677 636369
884908 678659
1228674 1037332
1095795 827492
1060406 826214
959492 767339
945649 767206
739854 607608
963005 745409
818275 651092
929160 776808
826540 641971
869741 677734
864968 699692
688213 517788
1233141 951190
1020597 787891
908336 737822
1356858 1118374
875479 666586
859415 657789
1092811 874433
1209128 929216
1438146 1135314
748398 579737
1297014 977251
1211961 940731
1356187 1039203
1194470 899672
1207843 899917
1176866 925075
1321105 1008035
1166493 896344
1073787 827682
1032649 816868
1412413 1049268
1582189 1298119
1310567 1055467
1183861 906409
1289481 1035564
985149 753632
1047078 793462
1105505 836159
972687 735743
1101053 845801
3255200 2916445
5426220 1056630
1028686 798104
1028907 792090
1253132 1010714
1274990 981116
1155464 892726
784349 624750
1106264 862745
1060775 815873
1001392 828382
1329190 1109248
1247440 948028
3670237 3409397
957284 733569
1420475 1078979
1293561 1092609
1117454 860034
999740 791559
1311665 971146
1342038 1106622
1006335 794916
1582124 1269748
1144529 858472
1317395 1006181
1247105 1026326
1236993 940036
972500 753276
1433538 1091720
1286929 991090
1293730 1074053
1083008 826648
851447 659862
1034599 775817
935233 724973
1290020 993702
1262370 1042650
1021600 817231
1315820 1060354
1020259 840453
1138649 894285
1429546 1166209
1296982 979976
1083708 862446
1078564 872171
1017258 796000
1234921 935401
958600 719950
970714 777373
1070329 813632
952895 727747
958169 732761
996064 795417
998209 736817
2982335 2686939
1252866 1015715
982135 740566
1457984 1088169
1157627 884818
1191267 879360
1248467 956298
670940 542425
1113145 894245
1086355 826709
985915 744865
956707 785136
1062567 777043
3099540 2947393
3523515 3276651
822354 656379
857589 655811
974234 746048
1218502 963417
1143473 872036
1090287 856573
1118099 878933
1051520 821187
1144509 884556
1580011 1215387
1066818 814901
1071834 825678
1322871 993357
1170468 890861
1343117 1084830
978603 745606
1207712 992547
1133357 895537
818287 633548
3344305 3143281
961953 730755
1263061 964722
1168356 875155
1032195 774859
2331567 1888073
864077 673267
1218380 910840
1133637 882339
945149 721128
934861 745372
1343154 1036796
1731679 1482309
973644 793016
1220692 924024
1173063 901788
1137329 850113
980781 729682
1444191 1205376
1176545 878985
1076817 822365
1549986 1257249
1135688 894267
3510236 3186921
2858529 2525245
776618 600264
872619 719006
1028707 795628
3438618 3229461
807013 641917
1281815 970529
921741 743829
836017 648096
1128329 920856
979902 777273
1255929 988572
841091 655171
809487 646984
1022784 741288
703132 566502
659226 520787
998061 771882
1058150 793930
1036995 792236
819760 667229
895318 698882
807129 662372
1127937 871333
838424 656334
844864 664608
1102463 860881
1121737 854754
1209384 902239
1106594 859785
1156922 890050
924658 683705
878419 670122
831625 568292
919517 665258
770607 605251
768383 624280
1339515 1028487
901140 642822
897357 692356
851675 662051
1160069 944201
2354644 2047392
1171908 880370
1397717 1166551
963634 743434
1026993 804043
1100786 848936
1062746 832114
938014 722598
1277283 1037242
1407302 1062189
923071 740784
1154146 895492
772085 615394
1012010 785444
1180212 921131
1314326 1020011
773393 589694
1117801 920726
1000644 803933
1181714 871678
3380971 3127445
892049 686292
820872 619546
854684 679341
806867 612066
1167656 956861
980088 818127
939412 727463
1032247 789215
1067915 873356
1321003 1053391
1179763 959959
702046 539775
738229 582317
844566 703236
751918 583239
862297 670784
775446 598256
850748 689079
891035 705982
858358 685348
933289 726153
837748 675608
679688 534086
851192 694584
946461 725918
1198005 917758
5852544 836556
1111517 860295
962812 764345
800330 658319
1150943 903070
1008732 865430
3353650 3175555
1159490 948019
883115 714143
821955 630918
931391 728792
790230 646620
876918 710332
709159 552382
799095 639568
753310 621972
774492 642327
939315 801342
2906867 2610176
3468113 3303956
1210285 1000912
1238555 1026842
961804 737809
776520 617736
1020470 774075
1308311 1059237
745602 593892
779700 603666
808995 620920
921580 702549
731110 577203
778021 609941
1107678 847956
878452 661927
872918 695216
1100626 937637
740713 583314
1040358 822012
807590 656070
859963 698853
847694 665070
857324 644472
921795 754016
924546 767181
982430 726147
769102 588269
746781 583796
712380 555130
829221 634754
1073499 826242
1143055 929855
783280 603153
1239915 1024519
1275396 953036
816757 653623
1089573 886579
819891 631806
694730 543877
940404 726614
1238540 958372
1169071 900687
735094 580455
894582 716125
1351190 1101287
808129 612019
823930 616348
1291189 1013587
1280911 1007631
800387 617143
856489 642636
719144 565662
867719 723845
772950 599924
1137640 920670
1065670 817737
1166819 876806
996183 789590
1037930 796857
868432 699252
1244910 949071
835243 630751
1074203 865955
1019873 799958
1304828 987078
816112 653449
615660 480982
897226 759132
1103033 834862
1145099 895482
960326 799594
1090186 938000
942615 724331
716755 545977
875448 732965
939328 728016
849582 706493
725349 537785
854862 704343
746922 583744
922613 721563
776426 605774
748734 604688
1155768 892441
1160415 925117
805135 609999
906837 693810
824172 647584
898413 749764
1255464 938607
1219215 931859
1062234 819630
799396 633258
661784 528190
819968 641194
836587 657772
800586 617100
853201 703015
977861 732867
3358944 3157441
814024 634190
661530 515400
751694 611243
798718 609328
737873 594086
878623 708736
856472 644847
741918 586562
859710 692753
666661 505180
749170 606794
982425 773021
730350 581774
891614 724135
883648 667092
1182752 890312
1106608 829231
947558 785246
972965 631187
808037 642287
914657 732178
855793 668946
3012249 2853863
801277 622862
851576 685748
745318 564400
1024883 760012
1209139 933963
1061732 889908
2728216 2481305
756434 595729
772943 624616
862239 692325
915914 729023
1205058 924831
2069080 1818775
811780 665537
858639 688530
772612 623346
647884 503880
1258539 952244
3301387 3140299
958610 736395
1076798 835841
864335 665624
3131284 2979042
865138 651001
1142942 950965
788395 620685
1396009 1071353
782233 642287
928949 771991
802484 648738
796330 626256
804992 629932
956351 732245
709652 551176
818804 643893
830109 638375
864719 652789
812486 650722
1237877 1014045
1144098 894866
964717 748270
826193 638342
767670 600623
752703 610279
845339 646527
654663 521114
717787 589352
792889 608480
1070484 829347
1029352 861148
1136879 877240
1050867 832986
699009 536763
740835 600593
1011997 781169
907892 731166
2942702 2651143
1015675 784190
1041449 787563
791252 648403
998940 790604
1002622 780506
1152682 917334
638727 508172
821037 632597
799901 655372
846777 693137
790140 606573
1015864 760718
747804 550766
1396141 1018875
1084053 869301
798105 601172
751976 584367
1143974 880054
605292 470549
940037 745437
1153159 871592
695595 535604
879528 715819
565769 436976
1122970 851504
1167186 910752
1024575 814888
1043343 833342
901134 701132
673582 525922
1121648 835863
914459 692303
1385828 1239673
3327571 3170791
3310123 3107382
853986 684535
875297 727001
1182302 911432
814789 633809
790323 643380
798310 636479
903584 701374
1040521 867375
636942 494492
796526 656054
766587 597929
1328020 1003074
1152986 855315
1114771 792041
1191561 961636
997454 784251
1010579 772815
937496 760799
758212 588597
1327312 1022624
1213986 953573
823554 626406
868618 676343
1036450 812931
2277798 1959648
1048042 798446
999601 780363
1284276 969175
827575 659510
999951 773767
2937366 2697171
873737 703042
869303 695597
784815 606751
969630 722552
753106 611255
901573 677397
587647 463088
966561 758121
747052 579359
731930 582407
933986 776755
852924 662140
1125154 902849
904165 652818
1035988 807823
1123003 870191
839547 661687
1054604 767815
995983 834397
888318 683479
1108779 847790
788326 621088
769514 584239
842860 676216
772364 607451
917253 677880
1207421 1001918
753637 573175
1048437 837251
995618 763873
1045797 796730
1174388 948043
1511019 1151047
857614 675036
789869 609063
1085648 840882
1102822 924268
931429 697944
965787 783363
971342 712940
794932 640452
755891 562256
923170 710403
907097 740293
957143 801723
948245 707344
811784 619863
1067627 873215
1079740 815601
982584 777007
1024171 778120
1125179 884309
1047196 884997
1045905 818408
1225191 1039023
1056672 807068
3245471 3072420
856034 691367
852158 674922
897023 701189
833839 639628
1005548 750352
1081914 849837
1257208 942296
832814 664902
1097354 826695
773859 594502
969879 780892
882276 672087
1129004 848921
804531 627896
829484 662423
791176 614841
1124087 861125
1142672 877809
1091481 849670
979078 723615
936501 712534
1132082 908943
689929 529189
1009763 753658
1270653 929177
913837 734744
981554 758506
3388029 3188613
1133349 954215
945052 716356
1042310 822279
760993 599002
865895 673103
873538 679766
3095690 2956227
862507 693132
2288630 1918903
870223 658305
1193680 916423
1019177 767598
1326061 1028072
3620980 3369869
872389 669675
3484528 3280920
1177248 923787
1159546 903571
1313214 1000100
1277773 974394
1306821 1015330
2465903 2104987
1183234 889106
1302030 1041538
1111772 865410
916243 748306
819275 641402
2163381 1762154
1008827 846859
978634 764831
1056976 871643
815618 603262
889180 670616
1029839 764776
1084168 876255
978308 717588
1291399 1106273
856091 694674
919785 753792
1218427 972832
1410780 1150749
1104062 860597
1027911 812349
921032 690910
1703324 1375619
1116347 862406
1289641 972527
1170551 851489
1089003 862435
1288385 973102
1233871 911964
1086425 810472
3210805 2842456
1174526 872268
1053924 818884
1433770 1054479
869235 668188
1231163 957590
1075378 821725
1239326 960197
1427738 1072457
3499133 3282670
1151392 921289
1005150 768059
1096280 818978
1025414 803638
1016639 777812
1206818 911555
1212279 912409
1293498 965481
1120683 886955
971542 769809
1156838 907646
1526706 1145730
1171660 892561
1107790 863068
1224025 958585
1145740 883466
1239600 949748
1120470 848979
1063816 818155
1263869 945949
943257 720912
1167968 887347
981304 734366
1147136 903301
1041101 817990
1154357 910097
976559 737855
1263624 949524
966700 773505
1038506 795492
1518702 1167645
1129375 870236
1302120 1078443
1211761 934201
1291892 950775
1353919 1003789
1022766 760210
1198787 894740
1153159 947899
963950 755929
1138344 881346
950576 750022
984093 750927
1101976 858474
1404005 1058317
1074908 819985
840308 645253
7418637 5002717
1236392 978651
1067839 772521
1222213 905075
1277385 1022317
1161728 923583
1146992 861131
1187819 943293
1277437 1012686
1226728 985514
1060149 787690
3636103 3371682
882812 688479
1130713 857633
1170631 873093
3584922 3335062
1181015 913386
1104928 842429
1011900 771377
1111079 823830
980419 752862
1075273 802842
1160856 906622
1030000 786292
1062321 808724
1076550 810668
1130626 864902
1076798 820242
1093567 833730
1101364 854231
1323446 1015475
1178097 901277
1390134 1039529
1214047 936764
1126036 868893
1102736 840321
1223885 956722
1793878 1477025
1186960 931148
1472782 840470
1006316 759870
1025099 813142
1621820 1050477
990286 770527
925313 728495
1009151 816776
1152960 913169
1051543 819938
938645 730925
934372 711268
1499559 1220907
1231105 947112
1206276 936564
1146232 892371
1043630 813550
1162151 889105
1375176 1149312
817975 620729
956798 735142
3030593 2755064
651497 521294
1011650 792291
890981 734227
1077714 853941
954987 760350
735071 586854
974464 790061
1135037 855171
1246326 958554
858150 665461
2131559 1770059
1330471 1034577
1198243 979110
1100193 869266
960145 755294
1133992 929737
1149448 918491
1174866 910531
1113046 856726
970278 741349
963917 756673
980761 774138
912084 721515
1149175 881350
1460548 1211667
979429 783622
638458 503847
900808 746443
762270 599826
744578 603627
3511670 3311890
999786 836286
1302744 1083289
2985209 2717245
814865 641014
864182 710176
710230 576430
883152 747578
736381 583753
1023580 822449
790244 636918
789118 648647
912989 713308
861871 689337
1077053 852133
818446 642607
988079 759317
774207 637266
1540634 1275087
1007435 785922
1339748 1119972
1111881 882001
789291 618913
1350157 1102313
1101758 862978
1099483 922440
764602 613353
657593 529332
1250194 1026636
783094 644672
998666 800630
1487405 1131689
1136486 928444
1162208 893628
708287 563123
1014534 806063
995767 766218
919843 764556
1045652 865510
1121486 876996
1120686 950541
3032323 2732267
1300020 993957
1570923 1198265
1121016 849908
1064646 842648
1055781 833744
995960 804199
872937 670208
921138 763895
1089664 857446
1193086 920171
918229 751832
833934 682059
822523 657148
957914 754484
833891 656762
786260 642881
1164492 904292
783100 613112
835506 658940
1002677 779338
1166804 908887
1127754 865765
1145412 922284
1004014 810300
1014339 827904
2265176 1974170
971172 790600
862904 693542
1423683 1181340
1370623 1151368
983188 801853
1152256 887925
911106 714237
1165318 882712
795787 652761
1032721 818095
3336736 3159756
774073 615278
955277 743803
1111364 922882
791441 657440
1012348 811738
952334 735210
856378 667232
1141288 900181
1095805 902908
867536 694303
898044 694651
906594 726544
735497 568415
752985 606747
964611 747467
710737 567651
1136145 841566
1246317 1015066
1074733 816496
1001756 776214
934078 766607
998444 838346
884767 725402
1113167 856776
928010 783108
1079061 834777
840215 654607
922713 730381
1091496 887261
1228493 947194
1046214 836881
3580454 3338134
807105 646756
1166487 933605
1331151 1126491
830776 641325
1178911 976729
1284192 994481
3288570 3147520
741397 581932
1287389 1016761
928592 762686
1277746 996316
1005203 797475
1084294 844934
785373 624965
1470468 1242609
918411 738764
871278 678866
1012991 791510
1324139 1018618
976108 785651
1174691 928892
1097899 870847
1069916 845756
1278213 985579
1056058 840164
747023 586468
670914 542800
842984 685748
755390 628409
942152 750367
2891915 2646912
899083 699695
1086679 872382
1182084 888160
1053386 868065
1163768 893320
1046321 803746
912300 724878
850278 658002
753896 597944
1152508 916601
848008 674530
1303478 1100571
1036611 784213
1071904 843318
1168731 929920
1287891 1011249
1015883 775830
1028364 812365
787735 620035
1106419 877242
1123020 875341
1270768 982179
1142611 904252
1042895 826914
794011 624178
1219572 952420
900917 738832
1286385 1063493
1260323 961892
1081789 851115
1004919 817959
3311242 3108380
1161414 878160
1143529 901402
1132613 865888
1044558 823539
890928 730708
1113300 879688
1086271 857616
1127333 878982
867523 671488
840864 655820
1346724 1082289
1061008 812761
750556 602465
986036 837487
1050788 788353
984091 752277
1026003 813909
1446950 1184764
1444967 1081287
1390098 1105846
1149614 963023
963553 738786
1044991 836664
1001673 766816
1077633 845766
1329958 1021158
1149436 899706
1134536 914611
1150196 916043
3603043 3354299
1364641 1114621
885819 683197
1261526 949488
1098266 867222
1217457 1003258
1685936 1268778
1032394 788810
1011934 785033
1213334 955461
1334592 1049260
1173269 933497
1040665 784979
974159 764840
1100478 855800
1264541 948879
1202570 941143
1183269 915350
1048175 826535
1143477 853086
1094282 853665
1066594 841599
1131805 867987
1343663 1038444
1272259 973330
1471986 1158894
1096112 851308
1156545 927778
1034028 829772
981701 769746
1089720 836853
1102340 842659
3593278 3372192
991659 796131
1173602 919973
3598025 3354934
1131663 892455
1197862 910129
1107460 877941
1118973 866857
1126213 883601
1147988 906975
1045061 802975
1399316 1161143
1475090 1231488
1018397 794223
1630968 1301036
1086582 847754
1251947 972316
1066260 821060
1174216 896245
1187525 910799
1299505 1013491
880928 676176
958811 742475
1391503 1066541
1230953 1002662
889274 734197
1223821 939495
1096171 834400
3231925 2878458
956522 732468
1081208 855132
1227077 917182
1164923 900765
1343390 1025456
1070792 850919
1082390 869554
1392883 1133463
946009 760914
1194101 900115
1275031 963564
1080694 855726
1238059 1044980
960150 774297
1131844 894141
1147813 911471
963113 746718
1202626 919720
1187277 916988
1165239 938865
1078282 831113
1044224 853575
1277776 940908
1033102 825236
3148839 2800982
2232468 1847959
1270393 995573
1166181 965130
1143228 889523
977989 745401
1049164 858578
862948 681446
1290009 1063006
1035129 792549
992459 795519
1152358 919563
1203219 932417
1155111 891030
1109270 889334
1108620 853630
1338247 1014451
1127805 892857
1525577 1224222
1136919 896875
1019744 780993
1204317 920829
1128417 844042
1006561 762673
1050793 816926
1471260 1146416
1141290 895265
1283321 972202
1274478 997812
3524907 3293748
1412483 1096068
3571189 3355750
1184660 930529
3540106 3289635
1124184 882867
1259680 1011275
1127200 878575
1424854 1197188
1094262 851184
1074018 855550
1373561 1033726
3461511 3213973
1262053 1017461
1706421 1275656
1082989 834306
1008383 776006
1241262 966844
1154776 898039
1187516 896278
999073 771235
1197978 920151
1185813 918039
1173139 926907
1144871 948369
1443176 1100788
1166325 932043
1127075 890571
1106848 866988
2387605 1958695
1075245 812193
997273 800297
1212535 922328
1259173 967498
1213146 921807
1100770 866422
1073807 852142
1040287 799326
1081517 854543
906671 702357
1314008 1013136
1154992 918376
3501453 3241174
1180358 943012
973687 742958
1295453 993405
3654154 3401011
1269930 968350
1181225 941011
1079366 824534
1397725 1145334
1261717 973006
1280307 984662
1096091 852854
1148452 913231
986852 751930
1257306 1010278
1101735 837896
1091347 817537
1163268 913663
1164821 876285
1039007 808878
1005091 769734
1018984 779742
1187858 923970
1098437 859615
1404240 1113188
1710389 1476484
1201966 954005
1400106 1111495
1199617 939597
1471005 1164673
1268676 962136
1418003 1173649
1205270 922374
1330038 1092139
1175240 881317
1105760 878472
1567242 1285622
1424008 1116400
1464331 1172717
1248686 988786
1194150 892510
1140019 889753
1546006 1366169
1121382 889449
1158778 905004
1387902 1141810
3444161 3213521
1308442 997166
957470 733979
1180824 887211
3562678 3308073
1312846 1011129
1079356 833356
1180054 895614
1413318 1119012
1137992 895305
1131812 882901
1170189 905587
1213848 918017
1121452 872305
1043430 802360
1333414 1017194
1199907 954430
1001154 763433
1165548 907150
1130467 884191
1260557 951811
1515601 1205948
1113623 877751
1316066 1055363
1121262 880217
1170860 918311
1484972 1156984
1279102 1017086
1199154 949853
1032655 796696
1183059 883971
1287123 1034822
1038974 796962
1256215 964863
1096117 823680
1039589 815409
1293554 1044070
1273901 977891
1011469 772865
1131229 885579
1154419 889524
1339710 1023225
1022845 787820
1309662 1004599
1192777 895427
1213714 941478
1156656 874025
1211599 932513
1394342 1111795
1306620 1067854
1172690 895743
1131240 860629
1008372 778823
1386216 1041522
1291547 1034089
1240368 991691
1339249 1027720
1084703 842068
1042903 801936
1234413 914298
1380252 1073463
1294756 993676
1306919 1006423
1179266 913939
1291901 1049581
1030232 801956
1076924 814411
1436250 1088218
1290766 1070328
3143934 2809895
1232263 980883
1181651 918708
901518 697089
1119624 866337
1337762 1024407
1117592 879441
1289522 976172
1264210 1009702
1013804 809352
1190309 932145
1228361 933493
1274999 995073
1147474 885293
1177510 933040
1137092 867376
2331648 1911494
1346466 1044721
1318947 1015833
1316267 1062278
1071372 829109
1369247 1028218
3500324 3284599
1149372 904594
1067720 826264
1255083 996171
1217857 951552
986987 752860
1076952 816204
1235613 940088
1409008 1066842
1160442 910424
1332435 1020911
1189593 903904
1308591 1072059
985141 747526
1286790 994409
1080430 857793
1134107 873648
1269690 970467
1217578 742243
1322639 1031427
1793330 1160557
1202515 927610
1262907 975985
1215568 938267
3617091 3381508
1178144 900974
1286527 1045924
1304950 1012330
1275418 975565
1401238 1107092
1002023 759174
1188292 900980
1121067 866300
998375 762664
1287329 1044352
1168814 918129
1283012 1039535
1188318 949013
1123396 889957
1151687 901490
1239969 971229
1043647 779298
1313682 1066451
1142229 858649
1179152 924772
1145295 899748
1090508 844969
1283598 969124
1170000 929334
1078641 832324
1193458 947115
1178305 927869
1048536 794373
1205975 930288
1136765 881110
1146851 903953
1001378 778778
1154614 885653
1122512 889882
986280 772147
1217909 943249
1334398 1044219
1242202 949724
1343753 1019489
1231804 930122
1075472 824454
1094645 860699
2267979 1872689
1126410 895571
1153059 876631
1182684 932305
1414369 1072680
1502009 1152482
1545374 1189553
948957 724778
982143 798866
1381144 1072212
1334897 1074080
1038389 814465
1286403 1045422
1318054 1018840
2944608 2655051
1050839 837785
1097281 877844
1014289 783571
1273557 1054257
1044579 821071
965127 745479
1187459 930170
1386424 1090403
1268463 983621
1198904 930420
1045350 806437
1314432 995736
1023780 795173
3172064 2853837
1476812 1205818
1167384 898210
949294 739624
3252601 2883067
1441372 1098425
1169948 872710
1524706 1235176
1051132 784258
1284747 977412
1262553 1031409
1215717 930900
1408337 1149514
1142392 883392
1190441 929288
1279867 984495
1090158 823862
1157311 881681
1321087 1074439
1035261 761260
1002796 768123
1226572 938346
1178613 926013
1527103 1243453
1298595 962925
1072826 818294
870262 662794
1115827 882806
1026210 791196
929932 724918
1111563 881900
1110771 873388
1098105 860358
1119810 882083
1229515 941669
1103698 829356
1408604 1107566
1090210 867255
1165478 878688
1155046 883122
1073408 840791
1119678 895540
1000098 802810
1204057 921571
998134 773076
966249 744013
979945 816980
1042419 804185
942739 782694
1079128 865170
1082756 815383
824809 625781
1015113 847191
816484 648284
846696 647835
1098328 865613
1085390 857728
1050344 867536
990123 766003
818845 669121
961401 806695
920954 745044
1082047 864800
838214 690984
763494 586631
1002303 783369
1017015 787406
1116855 887139
1270700 961610
871148 715311
2006063 1692839
790196 648491
681759 535788
1183443 928079
1010406 758032
887152 690245
1347994 1085010
1195799 982209
1231039 948326
1169432 913822
879357 675267
912053 767829
990192 748195
1219961 928841
1145932 855019
1238333 1004509
1108406 845864
997259 767383
771333 610872
924394 706773
761142 592732
2276842 1987001
975321 781420
825799 671698
1261239 965450
928621 739400
687138 543262
780897 632203
943642 714596
853805 658181
896904 750110
828163 665295
819785 648874
978239 764025
1146509 881224
2124956 1772227
907090 736786
908085 685570
918906 742359
989097 829256
955358 748243
1027269 828214
714975 560952
990049 768267
959105 729483
790000 608306
913971 707666
792393 631085
845988 673845
681689 538996
866428 700817
3280049 3091629
934059 755646
3483775 3284128
1164241 893952
1147472 889675
1198628 914935
768486 598367
815005 622523
815701 639966
815187 657235
1232584 962605
1133873 893922
1160841 872559
823746 674578
1292627 999774
969991 776174
963077 766498
670800 522154
761364 591099
2862073 2593089
1119155 929563
798670 604387
992136 756705
1031521 820958
974332 782705
1131785 854508
1129655 867920
1144759 898312
1571509 1276849
3485103 3272783
1041368 800745
981073 741715
1257646 999714
1342917 1133643
855175 654616
1126199 866842
780720 622805
980427 822685
735464 572605
851120 691461
873029 709454
694165 539346
1164010 898327
1277657 975619
1019327 783387
1081503 866660
1137625 905906
1092136 834559
707014 551082
833251 677664
1194958 1003436
1188610 758149
762512 614286
3175677 3020902
900277 703295
3129136 2987930
1062800 840033
1064141 822272
814507 644654
1047809 843368
907997 697417
764505 597576
766419 627110
771393 588974
960678 788672
919850 700661
1013368 784199
681698 534349
1004152 777538
1013430 786323
938718 776512
3428760 3189178
955290 731422
1252961 969693
945298 761508
1614720 1222732
1233216 948190
1330836 1035454
976803 743533
1175598 859109
914967 738289
1060844 801662
1033337 782912
2308572 1897488
976095 764081
836625 660217
889152 683226
1276038 994821
1020235 803900
908300 702511
1089343 854532
1173086 902017
1200361 918476
1000138 814988
1074005 854333
5642733 991727
1378961 1061089
1146914 926319
1347887 1133102
1245536 953487
1086519 844764
971796 729394
1051645 813941
1361183 1048972
1057327 820304
1439572 1173550
1067267 876503
812299 644790
1030437 807112
895999 722378
772048 604281
1275526 973367
1730087 1391141
1277632 1033632
1105058 877519
1204337 903927
1249145 946290
1267858 968128
764030 607466
838368 648428
1018024 838116
1125121 915867
3266981 3100239
930128 727613
951630 756966
860297 677027
888308 701270
683577 531426
1035801 823630
1267099 953262
