1389931 1053094
1456687 1105931
1250904 977723
1183124 854834
1420645 1045623
1129742 874727
895378 691160
1021379 757602
1197054 960119
1058583 750597
1120890 873787
1117071 879430
1056618 807562
1087301 808651
930111 735314
1347343 1065402
1081192 868790
1123845 892742
1219721 941290
1005613 834174
998601 799832
1041732 815792
971347 807817
932804 770331
784939 629626
694098 552503
1247146 1022423
1462089 1182304
902069 696438
1704001 1375161
1358650 1125298
2359247 2086006
1121468 880346
986170 766853
856491 679505
1012886 844995
967744 700041
1148755 964769
833337 698197
814041 629718
3167731 3015366
984000 828037
1231644 1068723
1069761 842270
1027651 805661
1408797 1175854
2069872 1681453
860845 667562
1216891 933155
1193098 1023679
974363 765202
965800 783893
1220779 960995
887240 684370
1009933 856123
1040320 823881
1287395 978395
1131270 888104
1255510 1053898
1203113 913357
1028553 788534
1690089 1381397
991004 755876
1193515 863388
1076040 779820
1164467 892612
853871 678971
1248577 987417
1134744 831249
1363126 1079345
1241688 856461
1297047 918966
1205840 861474
1066772 829541
1488049 1155030
1368337 1074696
1036069 828886
1205625 965254
1134091 946605
3423105 3261494
878612 637748
725781 557363
798652 629310
1021812 802665
856384 701108
821610 630350
901519 690867
1080940 850412
1110725 812608
938885 735181
876657 723351
1097761 776449
1173184 921441
1105246 851355
792597 547893
972674 831677
1081027 803682
1049637 822894
777278 628051
951814 674807
945858 744257
1072731 877090
1359958 1105397
990494 793409
960823 758364
755296 597025
1162774 903825
1052820 812838
1295924 1001199
2300799 1810196
970876 685099
1008334 842038
999999 781071
1235637 949621
1208915 916279
1016949 814784
1479879 1131357
1083742 845851
933337 681796
716396 571735
677015 519927
791421 596952
875503 734694
1054167 708256
776883 631762
861658 571772
1032297 832268
868378 675369
1450073 1146822
1006575 804922
789592 623583
932838 759087
859102 666953
1081607 834220
789680 613209
609308 464301
1212782 918812
901078 714387
842041 600024
776482 647703
2964000 2834320
887526 651257
958903 741152
880550 724175
1019287 877599
1169643 863372
798755 637004
835634 577594
811793 670040
1020221 865108
983503 713262
821094 631383
1140368 859426
1140056 863977
817227 632820
1401454 1177001
1161176 942215
1068167 842031
1048646 813075
1279126 987075
1118417 853068
1321420 1100614
5638236 854493
1158931 889972
1321679 1005915
1098395 848342
972948 746776
1192157 899800
1138164 880920
1118940 902605
1013017 822394
708952 537995
970720 746675
1044915 813007
2608306 2370805
3293056 3119833
998824 798613
1039701 798322
992521 793475
1177845 908169
2490658 2162991
1014184 732584
933010 764219
1080435 821847
1080087 902225
847023 686061
855234 666252
1234743 920744
893072 683796
1260219 965200
996947 777841
809397 607634
956949 767776
1037381 814095
993173 804872
621142 485937
1410654 1112510
1038651 789386
1136904 910446
679834 539596
958227 743595
1152821 900791
1171214 965798
813339 644092
951897 724995
1089506 949745
797060 648785
877648 711063
985642 758505
1124979 855025
1299597 1041150
1251695 1014105
1404893 1132025
874940 688345
1024865 812326
876264 667013
1006183 872614
987201 805256
1300527 1037724
1008998 741939
1422951 1190383
1276856 1048039
1214745 968383
886755 704289
921916 728048
877564 677769
823262 670767
2099230 1772919
1144715 888177
1399522 1078043
1062761 890739
861650 662692
973977 768960
993822 774617
919523 718609
848812 654038
905350 751252
1333698 987174
852674 696587
3354823 3171640
967547 814195
1154671 991997
1197691 906153
1087677 845861
989367 804335
894610 695563
1330389 1044210
908903 713935
752268 592926
3165781 2838420
1232560 966088
1105988 782975
992022 717264
971240 768759
1005548 783287
804073 620068
1378390 1119159
787582 612746
1043276 819353
1181217 934286
1039512 838320
1210797 1003988
1050402 818392
1070030 784415
891658 701322
852664 685884
964655 734805
1278389 1104147
995022 786695
797216 662200
961621 747026
977118 762575
981295 769332
1005007 799496
986876 758847
1152093 845405
3424265 3209052
842787 668697
1130342 904935
1029901 775298
1117030 842443
918165 759979
1179453 786371
959625 778103
1039282 842741
1635479 1234088
1171759 913392
1479644 1226605
1061850 863218
962816 766601
979327 758552
3420247 3219069
888184 693180
741280 574162
1118670 852891
1438554 1131441
897769 728050
865831 737632
1063033 778560
1092518 838154
1090067 853632
961508 675394
1053666 843250
740112 570950
938999 725690
1136151 888664
1064493 843136
1086137 849937
1004392 784050
1311576 1022350
1095598 823816
1422320 1142344
918842 725609
1097622 877484
1160509 900519
1043189 831249
1016832 780496
898643 680870
693327 546433
1276945 1063658
742165 592519
1112474 881261
754539 594624
1318731 985757
1070695 807737
604624 460575
1024026 842304
3528027 3313636
1044490 769474
851475 631863
2162325 1806653
883179 712107
750566 585307
974032 751955
3042755 2877574
745123 536926
902400 700153
1070656 857332
1067234 808652
1046445 786515
1108095 897110
913927 730030
868871 697044
889916 704187
995909 677954
1350586 1115521
795150 621668
1062656 843293
1024624 778855
1018366 793875
1669795 1468764
951729 812404
2324229 2032543
1050640 834174
997133 732011
1007839 775248
1041541 833315
962727 759660
1105533 887050
1163357 954176
1055703 841611
964945 764325
812014 659116
928324 679274
1273094 962133
910953 701640
946804 747111
1497826 1245929
906997 707887
1070975 861777
1076796 784923
976868 742124
1385154 1050351
991553 773713
1304534 1035504
847492 681088
1489021 1227687
1185343 976243
1148814 909435
992841 779992
843976 546960
827608 645650
998677 787538
5859157 802700
1162619 931191
972640 713604
759128 607055
1120255 875902
884643 694127
3387835 3195403
1187114 925246
1216122 914798
882105 711755
851681 689321
923332 700019
765759 605342
994597 771407
1360080 1024662
1197530 908861
1040353 768377
1009292 735169
753587 523892
895254 712058
995158 786511
815049 585970
858543 671497
930712 729776
1071831 827971
1259726 983915
1125935 895257
996951 774216
1169008 873908
1033805 790070
1085786 824697
1145589 904695
1154244 846694
1262694 1045345
1232892 974557
1125692 878017
1094273 830379
1371105 1070086
1043399 801926
3283116 3114291
960429 725169
1597033 1276083
1475708 1175373
1309054 1072368
1040050 803498
1138910 868076
1123437 886559
1373264 1151482
1253164 1034532
1479610 1104322
999319 766050
1022659 765405
1200942 936826
1060878 826051
1328012 1057715
1195493 930762
1156084 908273
1311324 986936
1120213 856121
1189287 928940
1220638 906532
1057611 804479
1690377 1275582
1035940 798544
3557526 3295081
1152271 908791
1100782 868171
1227922 944215
1140220 893874
1217078 923353
1493052 1187105
1076227 829765
1230199 996933
1176413 902134
1532490 1192205
1181536 912957
1148211 905176
1201844 919748
1171809 884447
1210915 918249
1312690 1002511
1713416 1390672
1430104 1128634
1394014 1145892
1363619 1058501
1096733 871441
1192833 899335
1069273 841027
1142647 882314
1438172 1151239
1316838 1083591
865274 669290
2491345 2155534
1148927 900385
902006 701955
1345783 1068572
1056244 834131
1236729 989328
997901 762548
1102028 838027
1260467 1020452
1099332 862835
3129773 2789964
1018158 765858
1280084 982612
948509 747473
1301184 1008681
1181826 913628
1123942 897707
3504699 3273679
1229702 945975
1162636 959110
1435607 1104203
1448809 1204587
1119930 863153
1091041 844180
1162859 927891
1072971 827797
1083133 850491
1025975 794688
1130298 871324
1410504 1073981
1013812 826549
1034493 777158
1149827 885150
1376238 1093265
938547 739023
1032351 819967
1129883 851130
1271971 983418
957857 743141
1394321 1047924
1151708 961962
1155740 952878
994464 759604
1076639 831511
3189455 2830549
904061 708101
1286709 1045243
1115972 867975
1156870 911843
1248225 1008638
1160487 896667
793727 627807
1132012 977562
1127070 877914
1190413 993982
1410515 1170399
1236070 962486
1078117 827673
1379015 1073959
1441015 1205974
930189 732002
973546 767822
1133647 971797
1215717 1003606
1052907 815059
1040850 811892
1125755 916744
1270426 978113
946515 767941
1055153 801080
1059595 871180
3148591 2840126
806001 629939
899438 731031
1070176 814280
1080581 899523
1000989 773564
1157356 891186
3474593 3237864
999409 764558
1137344 915607
1279287 984892
1074732 858823
1539798 1172911
838667 690067
1255552 950013
1343695 1035711
1197729 933821
3549793 3289359
1209128 900871
782977 608761
871449 661853
1015063 815998
965857 743775
1465759 1310978
1214041 877858
939001 713221
1438963 1179728
1101368 861442
962670 763692
3222850 2891512
1096769 891780
3508054 3319871
1324232 1025615
1072887 821788
1400593 1097894
821823 627777
1039349 833901
903459 693190
1354857 1095949
1132580 897754
1196126 938058
1158114 830623
1364175 1038556
1097454 820358
1301519 1015501
1239528 932338
1162642 904063
1196707 901034
1301589 969009
1036772 804466
2513304 2181705
1729121 1388573
1106059 875436
1464934 1111459
1262237 1021861
1089944 857620
1149409 890854
1437037 1086563
1143637 874993
1169289 911897
3512818 3257816
1169911 883258
1052387 818654
1211485 979664
1259187 962589
1389763 1126156
992895 751421
993567 786945
1077704 822488
1116324 884952
1096739 883202
948325 767081
901711 745215
1181665 927786
1257267 963215
931771 752246
1169421 973160
1068940 881973
1205851 877957
1150957 904719
742594 580923
930309 743868
1273359 1044612
3558344 3330691
1416998 1155494
1176223 927556
1309224 1045734
1061027 811274
1170184 878954
1084892 829439
1248406 924722
1441293 1198467
1313907 978840
1224683 973325
1139609 856985
1268274 1022120
1141190 853694
1199913 899166
1481701 1118105
1195888 921506
1404221 1045097
1515076 1202519
1053694 793772
1133420 890707
1078572 821716
1698829 1355796
1183951 877867
1701299 1330103
1239954 920283
1251945 1012267
1501225 1209422
1214674 910386
1268704 971632
1647253 1221924
1425517 1119838
1326140 1033117
1030233 790724
1252154 949113
1295214 1052334
1286630 979872
1319369 1058566
1138967 900982
1209002 943736
1246614 934966
1176305 922010
1366599 1108419
1251280 947393
1268288 1023247
1143022 895273
1140417 894025
1184733 932282
1207435 904723
1170120 860986
1173562 934445
1164450 928123
1086691 832485
1125172 846173
1116977 867379
1163838 890800
1041672 798063
1283304 953248
1114792 837251
1276948 948792
1296105 988420
3620095 3354317
1155929 924089
1424846 1045245
1438285 1164362
1011124 750271
1177850 910641
1212100 922882
1124673 891915
1069381 833033
1401243 1076604
1063705 816659
1221197 926364
1263775 962388
1116918 873380
1188558 937636
1240188 982054
1238553 953805
1187344 868991
1128623 859828
1147654 898800
1159669 926756
1280691 982231
1100282 864750
1091495 845618
1150272 873373
1329881 1074277
1138466 905816
1033375 807378
1247779 1000604
1259356 1026777
1166328 917867
1365405 1051008
1023578 789257
1152529 906461
1097093 830907
1145736 876230
1292462 1054530
1185783 946887
984737 758290
1487798 1098152
1150736 908351
1350738 1050901
1412969 1071395
1187241 935713
1234330 945416
1730581 1495915
3559403 3300502
1418905 1114300
1206641 890351
1113420 878186
1311536 1086987
880321 699426
1577320 1166196
1266887 961880
1143910 897019
1193767 940156
1644083 1279461
972010 759525
1064164 805642
1140052 882597
1069576 825468
1197769 933230
908733 728080
943470 728321
901663 742946
761465 601159
952684 724867
953193 799329
1238330 880418
923139 687753
899372 732575
1157402 958055
1252023 955903
743277 541076
866118 676177
1246373 967125
841688 675824
1219969 954985
1374561 1056544
785976 625636
1297900 997064
945179 768076
732421 567105
965791 724483
1035909 811272
750415 597618
1075975 812773
1033295 773808
1368318 1117388
1076148 913080
3480567 3268781
1088031 852391
1022244 808207
1067252 867867
1075602 843292
1041298 789246
1105373 835167
994629 787395
1064072 825460
1029821 807166
845812 653248
1420355 1129884
1249954 926769
1179714 906164
3452296 3246427
1160692 895918
984481 772903
1088905 780486
803653 646193
1188678 899994
950773 750613
3723509 3387081
3388899 3209657
1027226 823965
1085643 821726
2200832 1912511
1340256 1059703
1123105 887445
2070136 1721000
923960 753406
1016103 786243
889469 670283
1116286 851907
886943 675048
1228179 964504
952632 795063
728345 573668
877308 697148
855190 658468
881835 696350
697790 537806
884863 677368
1117076 853098
886530 699897
972404 794421
3512066 3275219
822432 639960
960255 756546
1046343 758942
1200760 918157
1134714 897269
1492168 1115193
1222822 940413
1110858 863933
1014944 792740
1307360 967520
1060091 835445
1133855 876253
1141621 905758
1243087 944539
1065313 820140
1155152 916331
1252123 972705
1294936 993539
1103964 855273
900776 723757
1052489 829680
1074134 853528
1080209 847619
1258138 1012151
1083982 823314
1295386 1040999
1254616 980646
1224147 976229
1003105 739761
993838 761756
1234055 945077
6128476 1076193
940631 718761
1077899 826397
1068165 864041
1056086 826034
1067164 829767
1018595 798864
1184123 898365
1460020 1087620
1168411 893796
1151337 895208
1091652 879609
752909 583809
1300540 1006210
1087152 828139
1213489 946697
1071378 827668
1421401 1162209
1234047 973320
1152867 885757
1133129 923174
1169728 883703
946944 731936
1200810 985434
1281724 960138
1178403 934189
1206084 923925
2232923 1855240
1243772 1002253
1094153 869578
1030204 822385
1124514 848416
1118561 849034
865887 683721
1302809 1106147
1007326 770495
1082220 843290
3624482 3380852
1600146 1327904
1111017 849945
925471 720752
1027838 785075
936988 740211
914200 671821
1069995 841514
1120110 850979
1803422 1450129
1769678 1411205
830553 644394
1001253 796879
1127965 876557
1448804 1158918
916680 747187
852515 711523
999810 769348
1068909 772355
1268518 997684
1383169 1164054
1243789 954338
1140702 849112
1277010 961655
1008687 777142
1259777 976191
1073405 856745
1038868 754226
958119 776297
1147709 901823
1046160 798405
1185409 902987
1056790 826888
1143421 901407
1087845 890302
1303362 1092100
1225274 921771
935641 727955
923075 736691
3520394 3300185
1236020 954018
1218931 937887
1186136 921956
1296609 1036048
1002003 801833
1280727 980596
832628 631734
1107520 857188
1390137 1050414
809753 648030
1102997 900436
1156787 870781
1172971 873973
1078354 843967
1251594 917650
3632420 3381103
1304276 1014118
1227968 943529
1443260 1091155
1030137 768142
1177072 924754
1333701 1004437
1093212 849973
1154055 898247
1187183 901254
1121532 860442
1038242 807364
1460603 1114595
1110247 887244
1182956 945184
1256373 973505
1182295 904873
1245129 956571
1265489 960287
1167410 902722
916006 667899
989643 787856
1206472 925471
1185115 941397
858673 664705
1017673 779662
1061168 835195
1172952 933409
1000093 775661
1114056 875490
1125017 861190
1107026 886288
1416828 1082620
1485708 1144381
1134006 902646
1118443 850133
1063259 820685
1070573 892003
847643 662587
1106993 866889
949639 756966
1274351 1001467
1098290 890488
1134136 895421
894581 697411
1154404 896455
1137246 895376
1363608 1118753
1009323 763263
1031978 858293
857400 667796
1150651 912827
904335 726794
901907 700717
1238646 932259
1113448 848263
914640 705761
1058419 835594
1245091 973881
1337982 1050418
1043637 831295
922899 734511
981151 749453
1043120 794713
3436705 3227323
934500 725024
1094439 852272
1133999 893587
1503329 1253064
1079732 821612
1085876 822777
915247 717087
1057787 805705
913666 711429
1331871 1021179
1126796 895177
1145210 877739
1087491 844765
1272845 969501
1180086 909532
844941 657735
916579 741861
1024660 789629
1166143 993198
988609 780338
909882 699698
1162529 921675
978525 772521
958142 724308
3173788 2768304
1184618 948959
1382989 1075349
881973 723362
967655 804882
1155311 871487
1150654 861162
1021363 797600
1086175 863785
1192786 988162
881470 694988
899530 688894
787010 636122
930238 747268
1042027 849714
1335340 1036792
1014805 864093
787104 643121
920090 733536
891517 696255
1189050 892142
904637 726364
788740 626550
1101901 847956
1173539 831149
874946 671675
1042937 845693
1256220 940099
1079572 851031
2079504 1724796
981511 794211
1275165 967771
893442 726645
855409 599546
786935 618108
938463 770779
999143 812374
1090636 852891
977946 773174
836564 652106
1231210 951701
1062572 829712
689352 535612
803534 571522
926995 742088
814066 625231
991850 759087
792572 622097
1495092 1327671
1356190 1063564
1478151 1164804
1462983 1188733
1247247 1028043
1031390 827435
1431938 1110718
986860 807260
877338 699749
1120410 885385
1191906 1024743
1392960 1040198
925573 680098
1145547 891457
5713219 5460001
1012627 824701
1186994 947570
1189942 944365
1103480 863819
983129 753648
933715 737879
1214976 931252
1041771 829152
1035341 831719
971925 781214
1018345 708608
982808 822161
1157180 882664
771290 597242
946198 753356
999706 799800
1316915 1024095
1309180 987296
1011420 795385
917939 726570
1273841 1052413
841901 624039
1258053 943672
1083825 840299
745719 606847
885802 678844
1072279 823814
1163756 905703
716985 538340
1118962 857235
3118253 2769603
1192392 938560
1139242 888371
1184663 926969
1285265 1052362
1231760 965502
1228941 965583
1208848 947845
2427585 1964082
1305338 983753
1071941 814128
3569282 3299591
1056663 817991
1198679 935071
1032085 801864
1452704 1097413
1398904 1076466
1372757 1108606
1324902 1021846
1174692 898997
1002947 754964
1483366 1107409
1200245 927890
3608301 3355689
1201042 981700
1263445 960916
968660 746191
1097894 858338
1265325 1020239
1032198 850588
922786 723948
1234396 985698
1150601 869335
945525 762821
792770 621018
1171779 936425
1029446 822663
999450 770498
1157293 882879
782843 591091
881614 708585
914983 707458
1031909 807186
1127730 846374
967385 777343
1115627 887583
1115493 888708
1219286 938880
922672 710380
1385161 1066633
1022826 813485
1056109 825689
822074 634664
948199 721249
1078675 830964
1063166 851131
1092183 846007
1036748 800155
906721 698516
1659283 1329572
857560 659457
1050671 823785
1558720 1240930
1314476 1008094
1297883 1016371
861378 700122
1281553 995862
874876 685241
1027263 788823
1196501 924684
1223036 1031823
920971 717827
945038 764672
1048009 796707
1144365 886696
841487 689552
1121580 826125
1136302 917307
960817 745040
1015143 805683
1046290 843958
879696 670438
1022737 815396
872995 716957
994103 796080
835739 672670
816220 671386
883957 739217
1058633 840636
909198 742241
1142568 909743
1163881 894582
916899 752867
1238410 969417
731420 598589
1249096 962917
1180530 889562
1060581 897167
1027231 832569
1029020 853668
1021844 800867
1154591 944336
1123361 852186
761716 562589
2014051 1742238
829219 670908
996489 769975
924201 770792
878240 675646
1017142 723549
1000253 792444
2117724 1682992
1142476 876583
1170716 942910
1074799 862130
1115862 834646
906505 691090
899146 711344
1008915 756923
3335700 3092959
3088497 2912236
1030113 801744
1043566 746433
1235725 922903
1019471 741686
841365 649036
899565 687430
1101233 872010
988903 778368
1205194 986298
859842 586782
942396 676109
955294 726941
914324 690630
686785 535699
1251194 998326
1039601 780459
815393 614956
623056 472086
1092911 854333
1115066 873448
1107423 782721
780851 637223
698861 553385
1218183 1031172
935180 673299
1054081 719821
1408699 1051717
902936 710911
1042694 810657
759557 625712
1081765 873723
950096 745677
1164266 917384
915713 731005
1214126 951021
1218251 917133
1055094 820661
1024675 785796
1057077 852900
931212 713579
1132510 889913
1034283 766696
1305177 1000977
1125317 889065
1230302 930162
736374 597724
1008908 765210
1156506 984891
991888 780989
885883 684546
935304 749780
976337 798931
893340 682273
601151 474332
1470669 1215851
996676 810108
1296620 979620
857560 648700
1362198 1086207
3202236 3052992
1094604 885303
1205625 945534
1009641 777488
