4589062 2838820
1879093 963906
4663129 3926764
1854280 1034763
2483124 1509500
1713854 921353
1541557 929625
2117706 1293474
2146688 1492943
2087059 1456177
2698839 1954912
1867503 1071957
1599065 908102
1654930 867852
3493110 2517506
6824760 5844652
2039914 997823
2371626 1636258
3663269 2776840
2674826 1825894
3532723 2760752
1795508 1006801
1743336 1029209
1599211 968457
1892662 1026792
1531825 927992
3673271 3071356
4024897 3360956
1538289 910764
3665367 2963688
1682826 997378
2480502 1874843
2381402 1765803
1414077 891655
1740960 1274541
1385005 836378
1173698 745007
3555992 2775939
1665876 1046882
1842122 1221741
1972291 1188392
6281310 5273429
2100829 1578862
1303002 829421
2096971 1557943
1649328 1010338
1473954 866645
1550037 937778
1370807 875426
1446538 895798
1997214 1526928
1281516 778255
1456763 869735
1538427 904944
2646540 1852071
1473376 936563
1444934 861389
2342516 1836620
1336509 799873
1197303 730631
1314600 764242
3215366 2494296
1643151 1006369
1109371 670794
1645709 954023
1534201 873660
1355772 848046
5680000 4863407
3043005 972335
1832219 1172311
4433280 3764555
1427448 871416
1462097 895222
1823351 1148325
1591528 990846
1432268 841638
1627245 968920
1780053 1130516
1486895 949816
1567546 932944
1746454 1025511
3453433 2531065
1367235 855636
3167518 2369452
1603979 970115
1440596 909754
1755388 1174499
1482125 956043
1807603 969343
1534240 949710
3819285 3243686
2438535 1726629
4023593 3453728
2768211 2213709
1616445 1123627
1273744 821628
2066177 1558948
1639175 1020891
1113512 744145
1618808 924951
3652667 1880227
1393751 841589
1526357 983455
1570694 1032975
1908348 1246824
4859068 3919939
1299489 853144
1755618 883402
1629470 1107753
1097759 690940
1998867 1552170
1290543 817010
2363442 1746204
1514242 1051595
1462291 883131
998910 653311
1503994 1116803
1907254 1256536
1696857 1170912
1218081 775720
1513604 1024716
1683720 1171951
2750758 2070916
1080012 649543
1440872 955857
1101891 714513
1413330 901622
1425705 905469
1449123 992937
1480692 1030822
1216222 761066
1483954 934798
1355073 920272
8427941 1392308
2901151 1648216
1253222 750670
1506807 980896
1620868 1054825
1481609 970838
1340431 817476
1277727 923860
1841081 1175910
1291607 820814
1485652 966156
1531864 1057960
1460933 958856
1269402 780077
2019492 1492329
1325296 833446
1395659 898584
1192224 723786
1418873 887602
1459870 983231
1284956 832922
1587969 1036339
1741956 1116955
1145823 791552
1500802 974877
1868341 1227651
3913141 3389733
1704111 1101516
1735843 1054503
2047106 1337937
1468306 904549
1170811 767985
1361862 806507
1468487 969079
1507378 915444
1486650 922822
1121071 715402
1737716 1121543
1309225 837169
1649230 969225
1263325 759580
1437353 872905
1482570 917009
1564411 964438
1611075 1094309
1265495 801832
1724468 1142882
1295012 811109
1295549 836330
1950622 1259602
1427954 880369
1133991 699616
1375434 976155
1388648 919874
1954396 1328492
3793289 3317054
1661098 1089416
1917051 1411053
1950209 1322374
1650628 1108086
1492832 910438
1249866 735165
1337266 833515
2042409 852892
1446326 982333
1416407 917584
1394495 881465
1174722 795898
1233069 854419
1240472 804557
1895433 852865
1333114 934215
1235634 766366
1012793 667719
2216041 856488
1390185 912423
1449171 960316
1143857 727841
1322673 815466
1417042 931744
1408066 863027
1293059 808408
1536050 948118
1376287 920999
1907545 1405035
2907002 958933
1443996 960405
3517344 3135002
5081091 4558450
1563051 971496
4501330 3878481
1270671 837676
1738461 839748
1528481 1083257
1422111 894723
1407928 886804
1745770 1164440
1436339 976401
1604400 1017310
1634864 1084909
1879548 1213240
3879469 3223079
4688388 4295960
3747850 3307122
1501490 1012090
1146376 762041
1762249 1377194
1717072 688658
1509592 1003404
6132679 1284440
1340702 910702
1501493 1056473
4004769 3350289
1279311 822998
3802918 3369116
2000352 1399377
1472971 1085250
957655 628611
1491444 953272
1235893 845094
3795571 3426804
6530162 822617
5909699 997813
4590218 3519276
1286357 859126
1298439 868441
1230449 858749
1712815 1240270
1504642 1048683
1170583 886076
3811417 3270301
1470918 980405
959114 675453
4730085 4151580
1327079 845553
1624787 1045480
3985815 3457894
1331202 904742
1206053 784359
1431705 979479
1123335 732573
946126 650499
5322440 4904867
1360944 905197
1528269 969250
1116420 742106
1979026 1312174
1385752 929302
1115969 753693
1284130 862182
1349524 938221
1844327 1275866
4421546 3834311
1585936 1039453
3855636 3396204
1510706 962045
1673692 1097766
1350194 882633
1295615 837208
1549340 1058065
1069903 720638
1686678 1210060
1201003 776704
1441158 921201
2307311 1066177
1843510 1202582
3535001 2816508
1663519 1039272
1549041 994712
1201374 755903
1306781 855446
1184270 759719
1408781 952951
1371225 988646
3802512 3380068
1341145 901723
2283595 1481781
1237177 787705
3225167 2489936
1202854 809881
980839 654303
1886094 1573653
1399235 934398
1049462 683936
903345 617401
5565939 5019570
1189293 829197
1168100 746655
1146241 750986
1066817 728969
1489249 1017945
1450044 990976
1156286 781856
1734869 1204759
1414867 1018281
1456414 947707
1375755 922115
1545254 1021358
1389990 936934
1010562 694227
1066147 759495
1239578 869155
2016576 1000537
1460659 991871
1423707 983911
1676701 1140934
1309564 878283
1296618 919390
1368388 957517
1299968 850797
1198328 831637
1351954 876268
1425705 973961
3770856 857416
1270267 844792
958891 668415
1685713 1183879
1063635 730463
1168172 768203
1499225 979200
1367476 930318
1064707 703605
1555013 1132460
1206388 778165
5605699 940652
2202211 978342
1483564 992183
1261189 817237
1282102 835659
1747057 1256988
1681999 1210524
1666338 1131878
1421895 1019679
1190999 854102
1847434 1519240
1504516 976332
1165828 789112
1396590 984205
1283038 962286
1191715 913224
1443034 999672
1394190 926245
1287210 911815
1302871 895855
1178553 847324
1494943 1069344
1326843 949343
1022024 717266
1019250 746757
1163497 802004
1806472 1365827
3186117 2659213
3432963 2970961
1330898 867916
871010 633165
985728 693260
1082527 812445
1262490 794730
1603271 1050079
1566931 1019069
1419285 989057
1873955 1306995
988485 693150
1160993 832071
1081820 750258
1261280 900730
1144400 776197
2100633 1585062
1493609 929301
2084447 1473538
2337944 1780807
1203413 828948
1395088 991619
1823297 1360422
1628987 1125007
1155073 794798
1454754 1061085
1445832 985058
1420919 1114260
1335203 924642
1030240 752522
1351358 989685
1506382 1031458
1156592 833059
1386788 1068577
1552474 1058157
1450349 986778
1626197 1116391
1505021 1026086
3742761 3329551
1242174 843882
1601016 1142059
1913393 984556
1564355 1094264
1191351 843443
1889021 1401645
1371904 937101
1559378 1001595
1408746 881207
1341997 962752
1301856 884925
1299680 880692
1468720 1007310
1235593 826089
1163195 793018
1288425 876779
1722269 1135747
3957195 3542707
1807394 1209871
1717790 1161119
1440133 970472
1299091 880300
1270812 851588
1500605 1011405
1504186 1090319
1360740 958433
1854644 1253999
1349586 907150
1446808 994154
1486919 1014708
1873971 1344502
1507595 1028360
1406677 1023236
1807040 1332551
1608071 1118493
1573686 1095095
1445725 977413
1224415 847011
2232409 1622503
1250385 859891
1397344 998708
1393696 955621
3742605 3202685
3727351 3332331
1331519 895726
1650780 1280412
1497998 1020272
1429294 976770
1489108 1042797
1659501 1208454
2873500 2404308
14318188 1115937
1425156 1042216
1276976 900320
1442008 1039442
1743346 1229472
3891744 3503097
1603149 1007360
1717645 1192405
1446919 1058297
1297241 927406
1546232 1072298
1792968 1258002
1564031 1077928
1302675 893929
1476499 1028207
2237423 1781468
1796718 1174435
1414870 813885
1389593 869274
1197105 820464
1245530 845799
1202609 826950
1331408 938251
1357434 979623
1538271 1029176
1524355 1049841
1333971 947545
1352736 951873
1289947 878690
1233889 846180
1425641 943119
1255805 868044
2839281 2213314
1403452 969143
1289214 924863
1611835 1242895
1477448 1019848
1347069 962784
1471323 1026114
1435179 1046865
1352119 922907
1166347 798692
1245435 857262
1576963 1190602
1214892 834474
1333084 935783
1168222 791078
1537024 1071619
1354710 936189
1387054 1015752
1406713 956748
1343094 974751
1876425 1399367
1633534 1137605
1212735 848844
1348177 920929
1295600 922189
1547007 1084732
1302416 877486
1754380 1265548
1231781 843946
1309027 919643
1583822 1202331
3799513 3373318
4260281 1441281
1250520 871205
1543215 1054682
1249904 853780
1382067 941757
1494158 1114427
1319552 907559
1580687 1087201
1317579 940854
1360848 918245
1554370 1068334
1367085 980860
1493591 1096423
1795565 1338695
1312406 929039
3659774 3271540
1340829 934096
1324849 945857
1438602 962367
1295836 853800
1429978 1067840
1613551 1088495
1441570 986817
1176647 811400
1471024 1023920
1417169 1042917
3753613 3373205
1336296 931399
1279742 879861
1320814 929374
1307729 927625
1333353 935594
1280931 870066
1508712 1016773
1671242 1209094
1483623 1089218
1300561 888101
1216548 830541
1481153 1012700
3080183 2440817
1449384 994288
1201928 824417
1637220 1143377
1393489 1018272
1644640 1152096
1378609 945615
1408330 968558
1767951 1320559
2133202 1605053
1250778 868910
1682577 1225446
1295826 924837
1385973 980130
1723150 1235224
1493104 1080178
1387701 995585
1249891 841308
1647862 1124502
1424633 957863
1247777 878457
1253970 910060
1157879 807960
1517366 1011449
1319765 922875
1338199 903816
1248439 906312
1321231 914472
2012673 1403924
1502375 1011279
1684202 1220148
1494702 1104199
1199094 856137
1440874 998061
1400769 961271
2015314 1396567
1302933 884077
1312889 911054
1472088 1005188
1510086 1094769
1408591 954189
1390307 955981
1202588 857304
1434442 1054681
1442321 994025
1384443 1042496
1731328 1272828
1237195 853240
1113258 778126
1364426 919476
1420460 995463
1213161 866796
1050367 729478
1231909 846963
1508062 1067804
1493609 1061992
1584904 1133417
3736748 3353961
1337760 954423
1558298 1104444
1328350 949774
1341678 961021
1282476 913556
3496141 3025233
1453026 1070495
1516703 1065957
1418870 978335
1214078 846331
1140737 784517
1106300 758043
1826983 1316754
1408740 992425
1188565 805549
1320059 924231
1305386 902687
1418948 1039596
1561816 1137783
1186337 818417
1149628 769544
1687113 1219443
1690573 1280365
1223051 892085
1043906 722878
1401650 939713
1537094 1054918
1396197 1030700
1489531 1035233
1259705 925016
1378046 912370
1309924 869167
1178158 821216
1650739 1168653
1008215 756643
1325986 946870
1418335 963606
1117058 822381
1249283 915827
1410984 1064618
1574861 1170626
1455614 1151558
1404496 963230
1819972 1296094
1432309 930967
1277150 856324
1417796 985441
1488654 1035562
1415773 950991
1661975 987331
1377121 928640
1563667 1083681
1202634 824589
1306912 942941
1087311 819889
3639122 3268655
1239915 854621
1314878 910829
1240111 915804
1261675 855197
1231526 826714
1412776 1026845
1141680 805354
1718867 1227080
1522829 1132508
1263159 902627
3636008 1049851
1274783 879647
1630485 1216298
1501512 1024467
3358533 2924339
1216374 871858
1158444 850022
2914147 2429276
1333336 970522
853874 607436
3655087 3309458
1284207 908887
3521797 3175631
1709464 1276406
2052274 1466970
1372067 1030134
2399144 883161
1298589 920011
1409424 954171
1087208 751188
1839088 1327316
1336890 943822
1033509 737547
1335492 887080
1208250 877888
1480017 1016029
1252280 891206
1201573 819969
1108714 801770
3391742 2982692
1515868 1082029
1284712 899179
1489477 1054917
1278953 895341
1240987 892308
1415135 1060735
1612436 1087014
1221010 864765
1681704 1246834
5562301 5021031
1316329 902720
1065378 728938
1508861 1157969
1474912 1106986
1073191 766674
1088011 778135
3549763 3236140
1291015 922294
1628144 1147458
1240577 886918
1275625 879511
1111054 777557
1168904 845931
1291162 888033
1437540 1048590
1183750 827853
1204259 830291
1359437 936818
1340610 930954
3172483 2639587
1378456 972357
1292159 935622
3436100 2944636
1227001 905988
1261929 853473
1501533 975848
1436051 1011972
1158177 787722
1265188 881349
1309676 940302
1487130 990226
1363979 950324
1266772 920068
1136953 791487
1149627 838954
1355832 964084
1257449 872261
1196974 862866
1414582 1055107
1420755 953063
1472171 1053882
1525934 1097810
1519131 1095528
1187684 809064
1335420 938539
1459822 975867
1726307 1284195
1086436 799984
1211003 883687
1084478 793254
1284419 918972
1324510 940302
1214468 865173
1420061 960182
1325787 911494
1368674 921601
1308296 932929
1403482 973293
1250902 881538
1511428 1039628
1192011 872783
1198591 833167
1148425 796633
1646822 1137929
1091949 759838
1515673 1170753
1005403 704148
1269155 919602
3337854 3107983
2989064 2346182
1542613 1088860
1458244 1076396
1385797 929274
1321144 932860
1803441 1149789
1676110 1239182
1346303 936815
1297038 944419
1224299 845991
5765518 1193633
1334512 1001893
1542888 1003743
1291695 952715
1214812 991377
1417356 1032051
1529532 1175820
1288774 935593
1725069 1329693
1487431 1094848
1228288 893705
1399558 941347
3127694 2714217
1136142 825404
965734 678234
1115773 781382
1574512 1083719
1293735 912964
1279005 887012
939581 674938
1155187 816141
1317192 921541
1195602 854703
1313299 941205
1336796 965398
1174167 860655
1083436 744288
1224929 862873
1089577 761882
1095372 826610
998207 672638
1271377 905677
1533078 1069463
1544674 1194054
1356876 931494
1144661 777196
1420612 1044624
1311506 906807
1250525 881334
1342833 927321
1097520 771092
4735536 953248
1324234 933047
1287375 946890
1142361 827022
1302884 985367
3710208 3354816
1083871 756915
3505475 3230012
1146848 796538
1042721 731847
1032769 722704
923783 674684
1674130 1379648
1171440 830888
1245711 890993
1299763 911430
1359257 940013
1170856 800306
1946397 1552246
899913 665161
990893 708672
1481818 1024845
1368380 943728
1213912 855329
1114703 754082
1412788 968858
1981145 812915
1296857 891204
1188241 837883
3211911 2755228
1187398 835622
1345609 980228
1082811 773808
1373857 971793
1356691 929070
1691835 1174536
1312234 933375
1410699 1062817
1246279 817515
1160400 789880
1367705 955770
1008842 729594
1342929 916412
1317713 902174
1111666 776626
1282698 987265
3359196 2859270
1324216 975159
1347451 1015062
1332048 940483
1261895 862846
1214501 823826
989689 726928
1260767 899905
1012767 710479
1050339 820590
1200361 911176
1469283 1058039
1242023 861818
977902 716457
1853619 1309755
1341502 958601
1453055 1021960
1328501 930278
1515918 1023999
3257602 2753081
1368631 995493
1295165 926832
1123726 814206
1039400 782860
1156816 876898
1165222 867538
1519040 1075512
1309977 939516
1303476 937509
1491675 1038072
1435051 962743
1305914 901532
2747908 2262232
3067700 942539
1582507 1232642
835001 603141
1333058 928759
1463318 1080671
1164821 843277
1309981 996770
3082195 2689421
1143134 772035
1396441 1043054
1375822 962841
1324028 856053
1089912 780353
943958 682239
1044130 745166
1078744 744939
986864 769110
1051924 782953
810088 570915
927561 686035
969931 716631
1087892 771369
1698115 1257992
1665488 1238187
3741998 3382227
1505098 1071993
1432619 993558
1398562 1006690
1495396 1184097
1339707 920289
1511875 1040296
1090476 803871
1204113 832044
1305645 937423
1122846 793375
1252041 909005
3338425 2843219
1314676 936356
1234737 924652
1163407 781053
1314642 912783
1579454 1173419
1224619 979747
968940 683998
1251598 931803
1266090 913232
1284004 921057
1206962 858370
889872 635050
1366489 989835
1118423 902025
1073080 781716
9274315 8986992
1050582 729794
955565 648812
1076741 798410
1379224 948680
889928 641421
1012952 732209
1263644 957731
1465353 1048721
1406467 1123925
1604531 1182877
1120778 787044
944486 677149
1243932 893981
983777 724954
3695021 3346910
845162 583578
1109271 816301
4353176 1537556
1134920 792905
1251745 889737
1065853 756623
1110144 808779
1058176 791634
923497 667844
1433052 998661
951823 660219
1334895 963191
793417 597954
826685 613358
1087458 789282
3636991 3322569
1340653 966500
1061118 734166
1189011 877939
1166562 861408
794631 606186
1627746 1264684
1465306 1104326
1081666 803607
7022178 4715893
1472363 1025502
1143270 771618
1029615 778653
956138 684168
3251937 2842381
971734 732390
1017437 765552
1113564 823210
1180728 925616
1253648 899563
906685 662609
1192595 870898
1066975 801144
1407331 1021324
1232096 902711
1122750 817437
941576 702401
2362481 1838245
1491646 1117415
1054488 744220
787429 577499
921449 598408
1281604 919044
941837 718277
942381 678163
884267 671800
867825 666750
971319 701953
785607 560301
1409872 1025932
1333016 886043
3421736 3083641
3581579 3282790
6819070 3298485
1259411 971660
2037693 1226254
1051812 773280
3723038 3421552
1377975 1017914
734941 537166
1223029 924009
918013 653083
996234 648924
1040319 819816
1305573 950859
908755 709525
816443 606211
1432144 994014
1427477 967855
1300027 949941
1070839 794244
1284646 966677
3512355 3233978
899379 577044
3353004 3114410
1207064 895350
4585411 4303114
1508577 1000702
1364224 924617
1190116 920167
865367 617594
1360644 910313
868255 619730
1840721 949090
1181993 900292
996138 738756
1161624 854429
1330098 943770
891087 668306
1055492 770333
1680774 1262743
1454911 1087484
984393 637020
1726658 1444192
1068458 802112
3431164 3148762
1155739 797540
3836162 3466127
1165491 775179
1534249 1113863
1056076 781402
1118603 795084
1096660 781004
1161332 848166
1280629 895655
1197119 829455
1078101 773459
1104088 823714
1445851 1054023
841884 647292
883882 644308
1003492 722902
1070504 768844
1046751 829876
705600 516255
925093 635037
908654 580795
1071123 762952
1006957 714844
1523553 1133658
823612 602046
732750 525039
1379341 1037695
1527366 1098844
861331 634980
1172766 875568
3126210 991707
1064688 817847
938977 682684
1359097 1009191
1291424 943843
1015934 709289
1442891 1023517
1391017 984357
1032226 763568
4281192 894159
1119730 783217
1059571 725227
1154105 846756
1286976 988846
1622800 1124687
1424390 998562
1378953 1034395
866073 641459
1192093 858483
1212928 889533
1316773 906141
769932 565502
1057536 779279
1456112 1026749
1261162 919406
1356472 915885
1134765 822579
1144257 859613
1154434 822727
1457317 1076751
1364508 958043
910803 636364
1291007 937602
1241824 917024
1368932 989889
893132 645951
1265137 878490
1035499 776391
1518560 1007640
1024437 718207
1042187 780974
1287200 929881
1283734 934812
1153700 803461
964972 700791
1243877 911307
1265828 942668
1230050 865323
2243635 1774843
948391 687820
1361097 981774
6484989 1295416
1288724 957042
1502700 1110914
1235945 937861
3296796 2858398
987087 744269
1319246 1016596
1216650 854141
1495201 1124399
1299243 881218
1499436 1072868
3185198 2776541
998419 705023
3022910 2658176
1046102 749077
1058535 750063
1345960 1024617
1460989 1106793
1206445 862095
1393926 963117
1534287 1142210
1073079 767084
1243284 906816
1203410 873462
1165348 790962
1113193 795162
1214523 888035
1320731 970528
1904294 820378
1681985 1242803
1187743 846207
872963 666865
1084368 820441
881008 645803
1288044 964278
1239413 920733
1329516 946376
1332081 1031352
1122075 797605
1141118 833866
1172660 815409
1954894 1087492
962084 724283
2119655 767759
1455325 986816
1086291 787140
2404255 1897222
872336 658399
1537338 1084862
1607843 1224343
1113453 793073
1358214 907540
1144754 789998
942709 642896
1015863 627383
896946 659594
1142447 773446
901582 691845
1253805 902352
1003542 736931
940628 672834
1019262 751386
1175948 832457
1517507 1028764
1083967 807909
1721741 848234
1593448 1038723
932982 632636
1294523 892263
1132725 776612
1273261 915096
879440 673499
925457 680677
1219550 796623
1654001 1111213
929841 649560
902154 679494
1161909 869706
1077748 806850
846157 656443
708693 521793
3071997 2706953
786827 579159
1206085 905066
1260067 896442
1400238 1007920
3626007 3285796
1050263 791434
1540222 1195234
1293528 962914
4233663 865761
949753 731510
1154486 784424
1381573 986662
911598 669151
1388531 973174
1158566 823618
1042094 755543
3359434 3142537
3681577 3317621
1150652 833749
921668 728979
927468 606045
1238714 875026
990784 661579
893554 663497
987542 727444
3785470 3413690
1030000 760095
1440772 1025757
1523966 1099435
1247639 876527
1032386 679244
2414835 1896304
1254759 928656
1361570 995210
835297 585780
884266 635184
1286387 969469
1055273 789460
1079153 833447
1383230 999839
967109 683964
1275590 923728
1748661 1297248
982637 721246
1334786 973025
1270654 909837
1387886 1082863
1646998 1139412
1408335 993551
892138 645048
1462830 1103685
1374658 994066
917962 671131
983763 689324
1382985 967778
